%YAML:1.0
---
Hole:
   Left_Center_1: [ -5.9713462345940105e-01, -9.9119695820509435e-01,
       2.3134897807011254e+02 ]
   Left_Center_2: [ -1.0583674608963225e+00, -9.8129705680394452e-01,
       2.3231168875350602e+02 ]
   Right_Center_1: [ -3.6133394536271055e+00, 6.9713018484758971e-02,
       2.2203778478918116e+02 ]
   Right_Center_2: [ -3.1116551254254432e+00, 8.0638572146231047e-02,
       2.2298003689881608e+02 ]
   Diameter_1: 8.5489029498794089e+00
   Diameter_2: 6.0679418198512973e+00
   Delta: 2.2920709658841359e-01
   Deep: 1.0675418484995380e+00
...
---
Hole:
   Left_Center_1: [ -5.0762223100620074e-01, -9.2666593339063286e-01,
       2.3138972476444016e+02 ]
   Left_Center_2: [ -9.6842029214346315e-01, -9.1698365957214234e-01,
       2.3235266736256244e+02 ]
   Right_Center_1: [ -3.5276553227529064e+00, 1.3454197188368400e-01,
       2.2198990523727633e+02 ]
   Right_Center_2: [ -3.0255257632835821e+00, 1.4525142205939867e-01,
       2.2293194463808982e+02 ]
   Diameter_1: 8.5480983973693689e+00
   Diameter_2: 6.0675107072290091e+00
   Delta: 2.1916406120576845e-01
   Deep: 1.0675612614050061e+00
...
---
Hole:
   Left_Center_1: [ -5.1432013511049157e-01, -9.2521559823559585e-01,
       2.3141164974803098e+02 ]
   Left_Center_2: [ -9.7543557857532737e-01, -9.1522798723008192e-01,
       2.3237419236483680e+02 ]
   Right_Center_1: [ -3.5139767436378406e+00, 1.3602455570173266e-01,
       2.2200830003806493e+02 ]
   Right_Center_2: [ -3.0123584147287659e+00, 1.4703772564123407e-01,
       2.2295035801326600e+02 ]
   Diameter_1: 8.5487036680619788e+00
   Diameter_2: 6.0679446437216509e+00
   Delta: 1.9930497300913055e-01
   Deep: 1.0673403832624178e+00
...
---
Hole:
   Left_Center_1: [ -5.1455818018772148e-01, -9.2717187249545674e-01,
       2.3140362878746905e+02 ]
   Left_Center_2: [ -9.7567916440228231e-01, -9.1747279339952670e-01,
       2.3236661648598047e+02 ]
   Right_Center_1: [ -3.5205704672565332e+00, 1.3405020742549878e-01,
       2.2200373448912586e+02 ]
   Right_Center_2: [ -3.0185961224865991e+00, 1.4477580658067202e-01,
       2.2294606067102092e+02 ]
   Diameter_1: 8.5489227250160980e+00
   Diameter_2: 6.0679612342164742e+00
   Delta: 2.1425427738765671e-01
   Deep: 1.0677415144606153e+00
...
---
Hole:
   Left_Center_1: [ -5.0106213832117152e-01, -9.3672728847196396e-01,
       2.3137544956174929e+02 ]
   Left_Center_2: [ -9.6237491802473996e-01, -9.2688628818564722e-01,
       2.3233915765582620e+02 ]
   Right_Center_1: [ -3.5352286889976199e+00, 1.2446480644958080e-01,
       2.2197615234841152e+02 ]
   Right_Center_2: [ -3.0327884312937954e+00, 1.3533345201563340e-01,
       2.2291906021728903e+02 ]
   Diameter_1: 8.5471591679474876e+00
   Diameter_2: 6.0667414546615079e+00
   Delta: 2.3454036546649734e-01
   Deep: 1.0684753701390652e+00
...
---
Hole:
   Left_Center_1: [ -5.0263164104206415e-01, -9.3591829321646713e-01,
       2.3137701563191516e+02 ]
   Left_Center_2: [ -9.6368690012865932e-01, -9.2627059413302948e-01,
       2.3234048478558506e+02 ]
   Right_Center_1: [ -3.5349008258798165e+00, 1.2527355140401475e-01,
       2.2197834525181304e+02 ]
   Right_Center_2: [ -3.0324996648917590e+00, 1.3594897651614246e-01,
       2.2292090396163309e+02 ]
   Diameter_1: 8.5476109796114095e+00
   Diameter_2: 6.0673222926416255e+00
   Delta: 2.2019914083622166e-01
   Deep: 1.0681469187815014e+00
...
---
Hole:
   Left_Center_1: [ -5.0343381251243779e-01, -9.3607537900016524e-01,
       2.3137777407491365e+02 ]
   Left_Center_2: [ -9.6475406843615552e-01, -9.2664613269947183e-01,
       2.3234162005077675e+02 ]
   Right_Center_1: [ -3.5347652594543320e+00, 1.2511624887864481e-01,
       2.2197944081946014e+02 ]
   Right_Center_2: [ -3.0322171128923685e+00, 1.3557342638774406e-01,
       2.2292243622497784e+02 ]
   Diameter_1: 8.5478558419735311e+00
   Diameter_2: 6.0676153835885192e+00
   Delta: 2.2541060788105768e-01
   Deep: 1.0685992487358542e+00
...
---
Hole:
   Left_Center_1: [ -4.9970067426190257e-01, -9.3495968711682309e-01,
       2.3137378247517870e+02 ]
   Left_Center_2: [ -9.6087001419303708e-01, -9.2497030756249765e-01,
       2.3233740450459510e+02 ]
   Right_Center_1: [ -3.5357693555137644e+00, 1.2623193797353649e-01,
       2.2197406857717101e+02 ]
   Right_Center_2: [ -3.0333138135058277e+00, 1.3724910924133593e-01,
       2.2291680999783148e+02 ]
   Diameter_1: 8.5479920795540387e+00
   Diameter_2: 6.0671917971345835e+00
   Delta: 2.3409249032646767e-01
   Deep: 1.0683371955393943e+00
...
---
Hole:
   Left_Center_1: [ -5.0210098585766971e-01, -9.3743245783032592e-01,
       2.3136992231045278e+02 ]
   Left_Center_2: [ -9.6316782506156973e-01, -9.2764392879918889e-01,
       2.3233187495985885e+02 ]
   Right_Center_1: [ -3.5402931734053880e+00, 1.2374513430014933e-01,
       2.2197371102851366e+02 ]
   Right_Center_2: [ -3.0391204584115599e+00, 1.3455804767103541e-01,
       2.2291537992394336e+02 ]
   Diameter_1: 8.5476360469982939e+00
   Diameter_2: 6.0691658911860191e+00
   Delta: 1.4308027974264301e-01
   Deep: 1.0667855197805367e+00
...
---
Hole:
   Left_Center_1: [ -5.0263587754457717e-01, -9.5329010370129241e-01,
       2.3144762399231303e+02 ]
   Left_Center_2: [ -9.7387734641067425e-01, -9.3882617648844136e-01,
       2.3239427497842783e+02 ]
   Right_Center_1: [ -3.5157707629534229e+00, 1.7618206400019787e-01,
       2.2203495770955828e+02 ]
   Right_Center_2: [ -2.9980150966270571e+00, 1.6208349633670949e-01,
       2.2297083044862575e+02 ]
   Diameter_1: 6.8329253196716309e+00
   Diameter_2: 4.8411235809326172e+00
   Delta: 8.0631347043211155e-01
   Deep: 8.3566005217708572e-01
...
---
Hole:
   Left_Center_1: [ -5.0019010086460014e-01, -9.4289786505658157e-01,
       2.3145853213264030e+02 ]
   Left_Center_2: [ -1.0609750633015835e+00, -9.1534085971792434e-01,
       2.3254448978903014e+02 ]
   Right_Center_1: [ -3.5180640065783138e+00, 1.7636143878274146e-01,
       2.2204825022807600e+02 ]
   Right_Center_2: [ -2.9226676235861078e+00, 1.4018437147278348e-01,
       2.2312161903713042e+02 ]
   Diameter_1: 6.8371853828430176e+00
   Diameter_2: 6.5574474334716797e+00
   Delta: 8.9949855625472196e+01
   Deep: 1.1736400507188913e-01
...
---
Hole:
   Left_Center_1: [ -5.0733505789939670e-01, -9.5027208367605098e-01,
       2.3142456543941742e+02 ]
   Left_Center_2: [ -9.6409594414615185e-01, -9.3143683469224725e-01,
       2.3240004392216201e+02 ]
   Right_Center_1: [ -3.4998043616037222e+00, 2.3449978525860171e-01,
       2.2200910754855417e+02 ]
   Right_Center_2: [ -2.9920530185623591e+00, 1.6804798195027226e-01,
       2.2296769750380085e+02 ]
   Diameter_1: 6.8656237125396729e+00
   Diameter_2: 4.8413839340209961e+00
   Delta: 5.6584125100683624e-01
   Deep: 8.4926942578470033e-01
...
---
Hole:
   Left_Center_1: [ -5.1084890896073887e-01, -9.2904486116515572e-01,
       2.3141604286877708e+02 ]
   Left_Center_2: [ -9.7963076430644946e-01, -9.2244126219899103e-01,
       2.3236366880851961e+02 ]
   Right_Center_1: [ -3.5350691257476257e+00, 1.2108407770630483e-01,
       2.2202234243090783e+02 ]
   Right_Center_2: [ -3.0246402680594144e+00, 1.3314515788012216e-01,
       2.2294738046517651e+02 ]
   Diameter_1: 6.8102207183837891e+00
   Diameter_2: 4.8297488689422607e+00
   Delta: 4.4831976056433342e-01
   Deep: 8.3090659921168597e-01
...
---
Hole:
   Left_Center_1: [ -5.2521099221991108e-01, -9.3159735360457407e-01,
       2.3138852366144539e+02 ]
   Left_Center_2: [ -9.8039905765517688e-01, -9.2050912156799114e-01,
       2.3236211341715267e+02 ]
   Right_Center_1: [ -3.5215087210663256e+00, 1.2797673889694217e-01,
       2.2199896261498938e+02 ]
   Right_Center_2: [ -3.0304976850527368e+00, 1.2219219431356509e-01,
       2.2294148776470851e+02 ]
   Diameter_1: 6.8124160766601563e+00
   Diameter_2: 4.8286492824554443e+00
   Delta: 3.1946486372097227e-01
   Deep: 8.3228899267945444e-01
...
---
