%YAML:1.0
---
Hole:
   Left_Center_1: [ -5.9713462345940105e-01, -9.9119695820509435e-01,
       2.3134897807011254e+02 ]
   Left_Center_2: [ -1.0583674608963225e+00, -9.8129705680394452e-01,
       2.3231168875350602e+02 ]
   Right_Center_1: [ -3.6133394536271055e+00, 6.9713018484758971e-02,
       2.2203778478918116e+02 ]
   Right_Center_2: [ -3.1116551254254432e+00, 8.0638572146231047e-02,
       2.2298003689881608e+02 ]
   Diameter_1: 8.5489029498794089e+00
   Diameter_2: 6.0679418198512973e+00
   Delta: 2.2920709658841359e-01
   Deep: 1.0675418484995380e+00
...
---
Hole:
   Left_Center_1: [ -5.0762223100620074e-01, -9.2666593339063286e-01,
       2.3138972476444016e+02 ]
   Left_Center_2: [ -9.6842029214346315e-01, -9.1698365957214234e-01,
       2.3235266736256244e+02 ]
   Right_Center_1: [ -3.5276553227529064e+00, 1.3454197188368400e-01,
       2.2198990523727633e+02 ]
   Right_Center_2: [ -3.0255257632835821e+00, 1.4525142205939867e-01,
       2.2293194463808982e+02 ]
   Diameter_1: 8.5480983973693689e+00
   Diameter_2: 6.0675107072290091e+00
   Delta: 2.1916406120576845e-01
   Deep: 1.0675612614050061e+00
...
---
Hole:
   Left_Center_1: [ -5.1432013511049157e-01, -9.2521559823559585e-01,
       2.3141164974803098e+02 ]
   Left_Center_2: [ -9.7543557857532737e-01, -9.1522798723008192e-01,
       2.3237419236483680e+02 ]
   Right_Center_1: [ -3.5139767436378406e+00, 1.3602455570173266e-01,
       2.2200830003806493e+02 ]
   Right_Center_2: [ -3.0123584147287659e+00, 1.4703772564123407e-01,
       2.2295035801326600e+02 ]
   Diameter_1: 8.5487036680619788e+00
   Diameter_2: 6.0679446437216509e+00
   Delta: 1.9930497300913055e-01
   Deep: 1.0673403832624178e+00
...
---
Hole:
   Left_Center_1: [ -5.1455818018772148e-01, -9.2717187249545674e-01,
       2.3140362878746905e+02 ]
   Left_Center_2: [ -9.7567916440228231e-01, -9.1747279339952670e-01,
       2.3236661648598047e+02 ]
   Right_Center_1: [ -3.5205704672565332e+00, 1.3405020742549878e-01,
       2.2200373448912586e+02 ]
   Right_Center_2: [ -3.0185961224865991e+00, 1.4477580658067202e-01,
       2.2294606067102092e+02 ]
   Diameter_1: 8.5489227250160980e+00
   Diameter_2: 6.0679612342164742e+00
   Delta: 2.1425427738765671e-01
   Deep: 1.0677415144606153e+00
