<?xml version="1.0" encoding="utf-8"?>
<opencv_storage>
   <Intrinsics_Camera_Left type_id="opencv-matrix">
      <rows>3</rows>
      <cols>3</cols>
      <dt>d</dt>
      <data>29667.3097 0 2527.6208 0 29536.8683 1763.8595 0 0 1 </data>
   </Intrinsics_Camera_Left>
   <Distortion_Left type_id="opencv-matrix">
      <rows>5</rows>
      <cols>1</cols>
      <dt>d</dt>
      <data>-4.560596e+00 2.344188e+03 -1.931035e-02 2.818821e-02 0 </data>
   </Distortion_Left>
   <Intrinsics_Camera_Right type_id="opencv-matrix">
      <rows>3</rows>
      <cols>3</cols>
      <dt>d</dt>
      <data>29359.6459 0 4609.7026 0 29433.135 1329.9108 0 0 1 </data>
   </Intrinsics_Camera_Right>
   <Distortion_Right type_id="opencv-matrix">
      <rows>5</rows>
      <cols>1</cols>
      <dt>d</dt>
      <data>-1.624321e+00 1.857446e+01 -2.635048e-03 -6.088966e-02 0 </data>
   </Distortion_Right>
   <Rotated_Matrix type_id="opencv-matrix">
      <rows>3</rows>
      <cols>3</cols>
      <dt>d</dt>
      <data>6.075859e-01 -2.136961e-03 7.942511e-01 -6.173629e-03 9.999535e-01 7.413111e-03 -7.942300e-01 -9.407514e-03 6.075444e-01 </data>
   </Rotated_Matrix>
   <Translation type_id="opencv-matrix">
      <rows>3</rows>
      <cols>1</cols>
      <dt>d</dt>
      <data>-1.793841e+02 1.439246e+00 7.849853e+01 </data>
   </Translation>
</opencv_storage>