<?xml version="1.0" encoding="utf-8"?>
<opencv_storage>
   <Intrinsics_Camera_Left type_id="opencv-matrix">
      <rows>3</rows>
      <cols>3</cols>
      <dt>d</dt>
      <data>31369.536 0.00024704 2429.7251 0 31364.0104 1775.3071 0 0 1 </data>
   </Intrinsics_Camera_Left>
   <Distortion_Left type_id="opencv-matrix">
      <rows>5</rows>
      <cols>1</cols>
      <dt>d</dt>
      <data>-1.389832e-01 8.271052e+01 2.635789e-03 -5.203877e-03 0 </data>
   </Distortion_Left>
   <Intrinsics_Camera_Right type_id="opencv-matrix">
      <rows>3</rows>
      <cols>3</cols>
      <dt>d</dt>
      <data>29866.283 0.00029717 2692.6465 0 29866.0647 1618.6361 0 0 1 </data>
   </Intrinsics_Camera_Right>
   <Distortion_Right type_id="opencv-matrix">
      <rows>5</rows>
      <cols>1</cols>
      <dt>d</dt>
      <data>-2.870872e-01 8.269852e+01 -2.155874e-03 -2.084647e-03 0 </data>
   </Distortion_Right>
   <Rotated_Matrix type_id="opencv-matrix">
      <rows>3</rows>
      <cols>3</cols>
      <dt>d</dt>
      <data>5.929526e-01 -3.145534e-03 8.052312e-01 2.337296e-03 9.999949e-01 2.185226e-03 -8.052340e-01 5.863283e-04 5.929569e-01 </data>
   </Rotated_Matrix>
   <Translation type_id="opencv-matrix">
      <rows>3</rows>
      <cols>1</cols>
      <dt>d</dt>
      <data>-1.895518e+02 5.567508e-01 8.437756e+01 </data>
   </Translation>
</opencv_storage>